1256 4
1620
2839 8
2895
3494 10
3690
3996 11
4033
5238 15
5295
5595 16
5625
6226 18
6283
6579 19
6608
7205 21
7262
7558 22
7588
8185 24
8242
8538 25
8568
9173 27
9230
9530 28
9560
10165 30
10222
10522 31
10552
11149 33
11206
11502 34
11532
12133 36
12190
12490 37
12520
13121 39
13178
13478 40
13505
14102 42
14159
14455 43
14484
15081 45
15138
15434 46
15463
16068 48
16125
16425 49
16454
17055 51
17112
17408 52
17437
18038 54
18095
18391 55
18420
19021 57
19078
19374 58
19403
20008 60
20065
20365 61
20394
20999 63
21056
21356 64
21385
21986 66
22043
22339 67
22368
22969 69
23026
23326 70
23355
23956 72
24013
24313 73
24342
24943 75
25000
25296 76
25325
25926 78
25983
26279 79
26307
26908 81
26965
27261 82
27289
27894 84
27951
28251 85
28279
28880 87
28937
29233 88
29261
29862 90
29919
33253 101
33348
34553 105
166354
168486 112
168581
169196 114
169239
169543 115
169566
171703 122
171759
172360 124
172571
